Theta for no failures:
   1.1250e+08
   3.7153e+06
   4.9502e+06
   3.1124e+06
  -1.4995e+06
   7.5695e+04
  -8.0335e+04
   6.5552e+06
   4.1669e+04
  -4.3089e+05
   9.8166e+06

With time exploded: 12%
112496610.4409422
3996099.465035902
3316984.063654415
4401928.085045462
152714.0166044143
1155793.033223247
857519.6900045215
224230.3071689047
-522994.6925550168
-853357.8287253188
-893638.3167309955
-939333.5798603785
-888896.8536775319
-718495.9304064271
8802.340031995691
973107.449615296
1619331.297911034
-24820.67353597018
-79206.9758026224
-1399.325383321208
4585.84966296427
-62358.08017991261
2358.981521389653
9427.385535751273
-75220.768981641
-19964.93778588793
26173.1649549018
36218.31852074384
25523.18847994834
45620.02136004498
20097.73097139408
-16278.2184059564
-13812.37071882986
7711.83829118358
-36045.76085356549
5316.197135106039
8917.754966061559
9247.904180827045
-44240.27634850755
-16300.3767958717
24662.98923228552
403.9999248608455
2395.052584810234
24782.71030588609
29503.22443105261
-20657.56529995833
48496.28850014068
103364.747527374
-6865811.854749477
2802178.293847483
2735082.054879253
2742012.667128599
2759333.980854651
2714527.614045141
-6845647.832287142
-10214286.44309053
-10233006.96293599
-10235977.02636573
-10262516.90022922
-10227811.62370146
1991961.73401615
1957311.668472079
1949895.138915024
1919903.120403858
8013575.683544273
8137035.932069743
8110151.873526365
8102269.720903421
8056638.805007135
8043625.418831686
8060076.885861807
8107893.340938965
1996044.27421278
2021944.366390318
2220305.699589246
2241969.12479523
-9795886.347920638
-9758316.860355666
-10164804.05674863
71054.42590890617
-17266.38933038936
1617811.640233207
